linear regression avec mois/jour:
test = [4869.847510836184,521.5496845121115,592.3837130205172,914.4016574446077,811.786663800264,579.6792710716811,4708.837638366844,4795.555203769592,753.9205801714778,578.5788787132385,849.5819623012314,585.7329895871728,792.7669584291881,4625.871427335452,4653.693289980498,530.0953495583362,1521.397391150158,867.5521929000861,4231.1549259325475,613.7634630865261,854.3584562380108,556.7141045085634,790.4376178899895,541.1847055587434,4539.970420097852,624.6861287118709,1784.5278576902922,4381.083738823862,4580.184394658101]
train = [4842.816661195712,4205.786637603889,3898.378098468137,3862.989023189839,3962.443533527069,3724.084469153082,3557.7283162623976,3422.707839665785,3424.4687595218957,3294.396378209773,3354.061613538414,3263.4798737899214,3284.2534584379523,3164.61158303731,3169.1216241055367,3093.827217774924,3141.829544857931,3234.0803072296776,3191.6087576373498,3122.7583623460027,3165.856669157427,3140.8843216153928,3204.025264845319,3105.4871568386666,3059.569823190685,3008.0717856253023,3072.0205632859693,3022.267050659862,3351.717936044116]


linear regression sans mois/jour:
test = [1224.9022246130726,4444.045373412337,4865.098466774258,524.5177668466581,4606.166716025344,4725.891507212873,626.3046488322348,599.1913265515908,5845.104648739683,628.310146692641,631.5934168129687,8532.624378753355,4768.227104301424,829.8980016756598,4736.423877814881,6413.664593621042,539.5144947378744,7905.070183355093,4727.393115983301,949.6232524814657,620.9747542112513,4349.884549280105,748.414738967442,753.8860907743066,696.2140171875346,4788.762650300344,7946.830921751458,613.023106528749,592.252848604229,599.2726301062855,730.1757948823004,644.8516249004591,506.9991729930715,874.1603152165253,573.0123752415683,569.643051217123,1333.0442239319054,595.2425779315005,927.0304618267837,600.958467846872,4550.222651209286,4433.878141437311,4625.014996612056,2353.7562521954474,4451.954078866629,711.9558583403402,4619.434173572563,513.7982246376902,4489.930438510069,612.9229844827768,980.6032188415014,639.078191248329,1023.4592752497134]
train = [7494.439165058432,6153.623858695407,5414.715375901654,4686.775889194867,4195.402570381799,3846.1628365210345,3674.330026456625,3417.630219568341,3222.9242622659785,3069.4982399829632,2927.377684336428,2809.6800738376755,2844.171300354035,3043.537666099653,3033.789577697669,2901.8773438230332,2812.8581320757617,2737.4438534974893,2669.719510994271,2970.00304692759,2818.269674380798,2942.058603084889,2922.50910143183,3003.4189694713364,3019.227158693751,3048.63970389695,3033.011551002274,3036.363725729443,3041.053946787966,2997.735882383831,3036.28167466009,3010.375918893759,3019.691912029071,3065.3300312403617,2989.8151215959074,2952.214691722555,3284.2638273661496,2980.2810426418537,3067.3322110791023,3000.4661132520137,3040.75050733778,3023.498442881159,2983.956340840546,2944.521569740266,2911.559569301897,3060.520399472723,3064.39023372291,3020.4496844337423,3013.3627045953376,2989.639428798375,3086.5495025832074,3009.1048937968158,3112.9930591031884]


svr:
test = [656.3641423339899,4864.821071375371,719.5257110649447,4629.321203204095,627.7094759612736,687.3608466433219,1140.9239666268984,8146.599724480127,679.881232746474,707.791145324029,4170.482728920748,678.5839248287718,560.3781928352656,4456.941274463654,571.7509501971831,731.8433023253482,655.2772353502537,4283.478409327115,666.1212809122774,578.6461969251168,761.2292853917882,4441.000847506094,4575.035521213974,614.2396938850275,685.0262912665665,674.6441189601262,789.7108580006991]
train = [3218.7863222079304,2355.6204154991015,2727.4006396429813,2401.722778642368,2166.337434809492,1982.1745595360567,2319.7665673710153,2474.3570419793696,2591.321468050809,2652.7695186311216,2533.383586316976,2924.095358656999,3088.4942793840687,2988.740640294767,2894.9819026102227,3039.7239829783534,3053.419099892718,3073.2782273647013,3098.5864478138437,3118.7140673818362,3041.4400407956946,3213.77281460598,3219.5551495908685,3222.135710094535,3222.353043452181,3230.186254660076,3233.2997389797265,3182.0004787111534]

===========================
=   nouvelle metrique     =
===========================
minmaxed linear regression: 
test = [45.73170731707317,21.472392638036812,46.06060606060606,46.728971962616825,48.03370786516854,50.47923322683706,22.52252252252252,47.540983606557376,36.7816091954023,41.53846153846154,27.10843373493976,42.93948126801153,51.21951219512195]
train = [40.23668639053255,26.54135338345865,41.76470588235294,44.2214790040877,45.0916617386162,47.585537490900265,43.626943005181346,28.441534824513546,44.89961139896373,41.66422930681486,43.39622641509434,29.216354344122657,46.28757290264693,47.00729927007299,32.523893114882]

minmaxed knr:
test = [53.735632183908045,47.8134110787172,43.83116883116883,45.19774011299435,47.398843930635834,47.07520891364902,46.68674698795181,54.46153846153846,48.598130841121495,45.17045454545455,51.14942528735632,48.91640866873065,51.38121546961326,51.515151515151516,48.663101604278076]
train = [53.09734513274337,51.55786350148368,46.97788697788698,49.36108068638189,49.971098265895954,49.44282945736434,49.380677126341865,50.49630030680382,49.269076305220885,49.84881209503239,51.26524190376295,50.555689780140135,50.027967334153715,50.625390869293305,50.51997278647099]

robust knr:
test = [52.73775216138329,60.70381231671554,61.12852664576802,61.142857142857146,61.03542234332425,65.06024096385542,58.65102639296188,62.02898550724638]
train = [61.16071428571429,61.48597422289613,59.55112219451372,60.162902628656056,61.12419070041201,61.7037037037037,58.97875992276336,60.54064201238971,59.01095253899767]

robust linear regression:
test = [43.31395348837209,28.57142857142857,48.91640866873065,30.346820809248555,46.778711484593835,44.03669724770643,15.384615384615385,40.66265060240964,40.845070422535215,43.80165289256198,40.96045197740113]
train = [44.65875370919881,25.904059040590404,44.47731755424063,28.980190755685985,46.96132596685083,43.65175332527207,14.347736200124045,43.595302619692866,41.862335155998714,42.54640371229698,41.64046121593291]

robust svr:
test = [47.14285714285714,48.96142433234421,48.90965732087228,52.14899713467048,45.59270516717325,44.97354497354497,48.78048780487805,49.343832020997375,44.54828660436137,50.991501416430594,48.56230031948881]
train = [43.97163120567376,51.42002989536621,49.88780852655198,51.2086827824371,48.7094395280236,46.890657235484824,45.22811344019729,49.11317567567568,51.93826933676281,45.16129032258064,48.6640385457731,49.76824261687194]

robust knr (with a lot more data):
test = [67.51404079219627,66.20830895260387,67.99065420560748,65.58499553438524,68.77224199288257,68.2150160677768,65.77337605592776,67.6310512747064,66.84318917328626,67.20844026233249,67.48159057437408,67.0228554467201,67.1281296023564,66.87333923826395,67.06337399583458,67.27272727272727,66.62766890903772,68.36384439359267,66.82366794230204,65.71925754060325,66.99259259259259,65.38904899135447,67.50438340151958,66.8829253907402,66.39712488769092,66.41724034720143,66.93075117370893,67.27973894986651,67.11229946524064,66.5904544155473,68.03061524874889,67.46055373623102]
train = [70.94328619332263,68.60898138006571,69.03354983640182,67.57775338455909,68.0501197499854,67.27427184466019,66.75111570167404,67.33093760209083,66.97503309423391,67.44389877432909,67.47874490068246,67.1540781260958,67.5907383552895,66.88552324176267,67.1860298822024,67.44837953751602,66.5605573240446,67.054257450736,66.69809273683659,67.17026805738493,66.90566396436768,67.59710625939948,67.03399622939853,67.204332450192,66.68405992257196,66.28098459611367,67.09482511654556,66.40540554128312,66.4915205630599,66.63232665349516,66.74495924985064,67.08221814240527,67.02972933506275,67.37084990173702]
